,tweet_id,rating_numerator,rating_denominator,name,year,stage,retweet_count,favorite_count
0,890240255349198849,14,10,Cassie,2017,doggo,7711.0,32467.0
1,884162670584377345,12,10,Yogi,2017,doggo,3128.0,20771.0
2,872967104147763200,12,10,None,2017,doggo,5669.0,28031.0
3,871515927908634625,12,10,Napolean,2017,doggo,3628.0,20730.0
4,871102520638267392,14,10,None,2017,doggo,5764.0,21461.0
5,869596645499047938,12,10,Scout,2017,doggo,3327.0,16476.0
6,858843525470990336,13,10,None,2017,doggo,3771.0,16304.0
7,851953902622658560,13,10,Astrid,2017,doggo,10706.0,0.0
8,846514051647705089,13,10,Barney,2017,doggo,13076.0,48410.0
9,845397057150107648,13,10,Mimosa,2017,doggo,2072.0,8241.0
10,836753516572119041,12,10,Meera,2017,doggo,5237.0,21029.0
11,834574053763584002,13,10,None,2017,doggo,2882.0,14993.0
12,832998151111966721,13,10,Rhino,2017,doggo,2522.0,14549.0
13,832273440279240704,14,10,Smiley,2017,doggo,2673.0,12385.0
14,832032802820481025,12,10,Miguel,2017,doggo,4746.0,13887.0
15,831939777352105988,12,10,Emanuel,2017,doggo,7031.0,26404.0
16,831322785565769729,12,10,Pete,2017,doggo,1744.0,10042.0
17,829878982036299777,12,10,Loki,2017,doggo,5757.0,0.0
18,829449946868879360,11,10,None,2017,doggo,2329.0,11519.0
19,829374341691346946,13,10,Astrid,2017,doggo,10706.0,38074.0
20,828381636999917570,14,10,Doobert,2017,doggo,2554.0,13864.0
21,826958653328592898,12,10,Loki,2017,doggo,5757.0,23767.0
22,826848821049180160,13,10,Cupid,2017,doggo,11878.0,40325.0
23,826476773533745153,12,10,Pilot,2017,doggo,4821.0,20275.0
24,826204788643753985,13,10,None,2017,doggo,1075.0,5361.0
25,821765923262631936,13,10,Duchess,2017,doggo,1899.0,9317.0
26,821421320206483457,12,10,Sampson,2017,doggo,6470.0,0.0
27,821407182352777218,14,10,Sundance,2017,doggo,5053.0,13075.0
28,821107785811234820,11,10,None,2017,doggo,2487.0,10645.0
29,819924195358416896,11,10,None,2017,doggo,5607.0,14305.0
30,819015337530290176,14,10,Bo,2017,doggo,42228.0,0.0
31,819015331746349057,14,10,Sunny,2017,doggo,21794.0,0.0
32,819006400881917954,14,10,Sunny,2017,doggo,21794.0,49960.0
33,819004803107983360,14,10,Bo,2017,doggo,42228.0,95450.0
34,813910438903693312,11,10,Chubbs,2016,doggo,2194.0,10342.0
35,813202720496779264,11,10,None,2016,doggo,2090.0,10192.0
36,813127251579564032,11,10,None,2016,doggo,3652.0,13242.0
37,813096984823349248,11,10,Rocky,2016,doggo,4207.0,11694.0
38,801127390143516673,11,10,Anakin,2016,doggo,4627.0,0.0
39,800859414831898624,11,10,None,2016,doggo,113.0,778.0
40,800018252395122689,11,10,None,2016,doggo,15351.0,31768.0
41,799757965289017345,13,10,Sobe,2016,doggo,2506.0,9390.0
42,796484825502875648,12,10,None,2016,doggo,2042.0,8472.0
43,795464331001561088,13,10,None,2016,doggo,27728.0,55683.0
44,786363235746385920,13,10,Rizzo,2016,doggo,4072.0,12189.0
45,782747134529531904,11,10,Deacon,2016,doggo,1604.0,8310.0
46,782305867769217024,12,10,Sampson,2016,doggo,6470.0,18630.0
47,781655249211752448,11,10,Combo,2016,doggo,1314.0,4466.0
48,775733305207554048,11,10,Anakin,2016,doggo,4627.0,15413.0
49,775364825476165632,11,10,Finley,2016,doggo,3472.0,8295.0
50,771908950375665664,13,10,None,2016,doggo,2181.0,7298.0
51,770743923962707968,13,10,None,2016,doggo,52360.0,0.0
52,767191397493538821,13,10,None,2016,doggo,4406.0,13643.0
53,763956972077010945,12,10,None,2016,doggo,61.0,812.0
54,760893934457552897,11,10,Wishes,2016,doggo,1104.0,4228.0
55,760521673607086080,12,10,None,2016,doggo,1608.0,4681.0
56,758828659922702336,13,10,None,2016,doggo,4376.0,12376.0
57,756526248105566208,13,10,None,2016,doggo,4169.0,11506.0
58,755206590534418437,14,10,None,2016,doggo,6148.0,18212.0
59,750381685133418496,13,10,None,2016,doggo,39.0,758.0
60,750011400160841729,11,10,Piper,2016,doggo,1035.0,3568.0
61,749075273010798592,11,10,Boomer,2016,doggo,2360.0,6353.0
62,748932637671223296,13,10,Divine,2016,doggo,2564.0,6461.0
63,744234799360020481,13,10,None,2016,doggo,79515.0,131075.0
64,742534281772302336,11,10,None,2016,doggo,4011.0,7744.0
65,739623569819336705,12,10,None,2016,doggo,1547.0,4185.0
66,739238157791694849,13,10,None,2016,doggo,52360.0,75163.0
67,732375214819057664,11,10,Kyle,2016,doggo,2838.0,8832.0
68,727644517743104000,13,10,None,2016,doggo,1962.0,6431.0
69,724771698126512129,11,10,None,2016,doggo,725.0,2593.0
70,716080869887381504,11,10,None,2016,doggo,1935.0,5272.0
71,883360690899218434,13,10,Grizzwald,2017,floofer,3825.0,22986.0
72,800388270626521089,12,10,Doc,2016,floofer,3265.0,12456.0
73,776218204058357768,13,10,None,2016,floofer,18497.0,33345.0
74,749317047558017024,12,10,Blu,2016,floofer,2509.0,6076.0
75,746542875601690625,11,10,None,2016,floofer,2104.0,5520.0
76,737445876994609152,13,10,None,2016,floofer,5048.0,11302.0
77,689993469801164801,12,10,None,2016,floofer,518.0,1618.0
78,685307451701334016,11,10,Petrick,2016,floofer,496.0,2262.0
79,886366144734445568,12,10,Roscoe,2017,pupper,3316.0,21524.0
80,882762694511734784,12,10,Gus,2017,pupper,5134.0,28903.0
81,881536004380872706,14,10,None,2017,pupper,16570.0,50199.0
82,877611172832227328,14,10,None,2017,pupper,83.0,0.0
83,876838120628539392,12,10,Ginger,2017,pupper,3506.0,21125.0
84,874296783580663808,13,10,Jed,2017,pupper,4308.0,26651.0
85,873337748698140672,12,10,Sierra,2017,pupper,1667.0,0.0
86,873213775632977920,12,10,Sierra,2017,pupper,1667.0,7467.0
87,871762521631449091,12,10,Rover,2017,pupper,3678.0,20787.0
88,866816280283807744,13,10,Jamesy,2017,pupper,32883.0,0.0
89,866450705531457537,13,10,Jamesy,2017,pupper,32883.0,106827.0
90,866094527597207552,12,10,None,2017,pupper,8952.0,0.0
91,854120357044912130,14,10,None,2017,pupper,8285.0,33911.0
92,850019790995546112,12,10,Boomer,2017,pupper,5459.0,21944.0
93,849668094696017920,12,10,Gidget,2017,pupper,5513.0,0.0
94,845306882940190720,12,10,Pickles,2017,pupper,6039.0,25225.0
95,837820167694528512,12,10,None,2017,pupper,8952.0,37277.0
96,837110210464448512,13,10,Clark,2017,pupper,2731.0,17480.0
97,836380477523124226,12,10,Ava,2017,pupper,3337.0,16037.0
98,833124694597443584,12,10,Gidget,2017,pupper,5513.0,22133.0
99,831315979191906304,13,10,None,2017,pupper,1264.0,7117.0
100,827933404142436356,12,10,Kona,2017,pupper,5987.0,22180.0
101,824325613288833024,13,10,None,2017,pupper,11848.0,12999.0
102,822462944365645825,14,10,Gabe,2017,pupper,17209.0,31800.0
103,818588835076603904,11,10,Chelsea,2017,pupper,7126.0,0.0
104,817181837579653120,13,10,None,2017,pupper,9907.0,0.0
105,815966073409433600,13,10,None,2017,pupper,9907.0,25057.0
106,814986499976527872,11,10,Cooper,2016,pupper,1505.0,8485.0
107,811386762094317568,11,10,Craig,2016,pupper,7444.0,23302.0
108,808733504066486276,12,10,None,2016,pupper,2509.0,8784.0
109,807621403335917568,14,10,Ollie,2016,pupper,4288.0,16236.0
110,803638050916102144,13,10,None,2016,pupper,4828.0,12270.0
111,800459316964663297,12,10,None,2016,pupper,2489.0,10538.0
112,800443802682937345,11,10,Sampson,2016,pupper,5068.0,0.0
113,800188575492947969,11,10,Bo,2016,pupper,4581.0,0.0
114,798705661114773508,11,10,Baloo,2016,pupper,7724.0,0.0
115,797971864723324932,12,10,None,2016,pupper,3652.0,13018.0
116,794205286408003585,14,10,Laika,2016,pupper,3895.0,10314.0
117,791821351946420224,13,10,None,2016,pupper,24514.0,0.0
118,789903600034189313,13,10,Ralphy,2016,pupper,4858.0,11673.0
119,788552643979468800,13,10,None,2016,pupper,8407.0,0.0
120,779377524342161408,12,10,None,2016,pupper,3613.0,9831.0
121,778039087836069888,12,10,None,2016,pupper,3065.0,9417.0
122,776819012571455488,13,10,None,2016,pupper,15839.0,0.0
123,776477788987613185,11,10,Huck,2016,pupper,3249.0,9858.0
124,776113305656188928,11,10,Sampson,2016,pupper,5068.0,13102.0
125,773985732834758656,11,10,Winnie,2016,pupper,4492.0,11925.0
126,773547596996571136,11,10,Chelsea,2016,pupper,7126.0,24553.0
127,772193107915964416,12,10,Willem,2016,pupper,1612.0,6665.0
128,771004394259247104,12,10,None,2016,pupper,5464.737051792828,12283.362549800797
129,765371061932261376,11,10,Louie,2016,pupper,2475.0,7842.0
130,759943073749200896,12,10,None,2016,pupper,2382.0,6581.0
131,757597904299253760,11,10,None,2016,pupper,336.0,0.0
132,756939218950160384,12,10,Jax,2016,pupper,2295.0,7342.0
133,755955933503782912,12,10,None,2016,pupper,3285.0,8092.0
134,751950017322246144,13,10,Lola,2016,pupper,1060.0,3415.0
135,751456908746354688,12,10,None,2016,pupper,1127.0,3516.0
136,750868782890057730,11,10,Milo,2016,pupper,1595.0,5306.0
137,749417653287129088,11,10,Finn,2016,pupper,1904.0,6721.0
138,748337862848962560,13,10,None,2016,pupper,4701.0,8462.0
139,747651430853525504,12,10,None,2016,pupper,179.0,1520.0
140,747242308580548608,13,10,None,2016,pupper,3257.0,0.0
141,744223424764059648,12,10,None,2016,pupper,424.0,1868.0
142,743222593470234624,12,10,None,2016,pupper,2164.0,6792.0
143,742465774154047488,14,10,None,2016,pupper,4382.0,7916.0
144,741743634094141440,11,10,Aqua,2016,pupper,3144.0,8945.0
145,740676976021798912,11,10,Baloo,2016,pupper,7724.0,19881.0
146,736392552031657984,13,10,None,2016,pupper,8407.0,19450.0
147,736365877722001409,11,10,Rory,2016,pupper,1408.0,4367.0
148,735648611367784448,12,10,None,2016,pupper,1237.0,4397.0
149,728035342121635841,12,10,None,2016,pupper,1872.0,4953.0
150,728015554473250816,11,10,Rueben,2016,pupper,1219.0,4479.0
151,727314416056803329,11,10,None,2016,pupper,834.0,3623.0
152,725786712245440512,11,10,Lillie,2016,pupper,1527.0,4537.0
153,724004602748780546,11,10,Luther,2016,pupper,1790.0,4561.0
154,721001180231503872,11,10,Oliver,2016,pupper,686.0,2748.0
155,719704490224398336,12,10,Clyde,2016,pupper,1645.0,4974.0
156,716447146686459905,13,10,Ozzy,2016,pupper,6643.0,14327.0
157,712309440758808576,12,10,None,2016,pupper,26.0,269.0
158,711008018775851008,11,10,Chuckles,2016,pupper,710.0,3275.0
159,710117014656950272,11,10,None,2016,pupper,2233.0,5999.0
160,707411934438625280,11,10,None,2016,pupper,673.0,2486.0
161,706310011488698368,12,10,None,2016,pupper,9034.0,23443.0
162,705786532653883392,11,10,None,2016,pupper,596.0,2132.0
163,705428427625635840,11,10,Ambrose,2016,pupper,1931.0,4188.0
164,704761120771465216,13,10,None,2016,pupper,3257.0,7283.0
165,704134088924532736,12,10,None,2016,pupper,519.0,1653.0
166,703268521220972544,12,10,None,2016,pupper,618.0,2152.0
167,702598099714314240,11,10,Sansa,2016,pupper,3712.0,11332.0
168,701805642395348998,11,10,None,2016,pupper,1900.0,3752.0
169,700864154249383937,12,10,None,2016,pupper,685.0,2828.0
170,700151421916807169,11,10,None,2016,pupper,754.0,2450.0
171,699801817392291840,11,10,Cooper,2016,pupper,1088.0,3345.0
172,699434518667751424,12,10,None,2016,pupper,577.0,2384.0
173,699036661657767936,13,10,None,2016,pupper,1345.0,2863.0
174,697616773278015490,11,10,None,2016,pupper,1144.0,3467.0
175,697596423848730625,11,10,None,2016,pupper,1425.0,3306.0
176,695095422348574720,12,10,None,2016,pupper,684.0,2888.0
177,695074328191332352,11,10,Lorenzo,2016,pupper,1239.0,3116.0
178,693629975228977152,12,10,None,2016,pupper,894.0,2685.0
179,693262851218264065,11,10,None,2016,pupper,568.0,2459.0
180,692828166163931137,12,10,None,2016,pupper,998.0,3148.0
181,692752401762250755,13,10,None,2016,pupper,4124.0,7496.0
182,690015576308211712,12,10,None,2016,pupper,836.0,2740.0
183,689905486972461056,11,10,Gizmo,2016,pupper,787.0,2651.0
184,688916208532455424,11,10,None,2016,pupper,983.0,3003.0
185,688519176466644993,12,10,None,2016,pupper,825.0,2520.0
186,687818504314159109,12,10,None,2016,pupper,1080.0,2758.0
187,687476254459715584,11,10,Curtis,2016,pupper,619.0,2187.0
188,687096057537363968,11,10,None,2016,pupper,695.0,2449.0
189,686760001961103360,12,10,None,2016,pupper,1551.0,3852.0
190,686683045143953408,11,10,Mona,2016,pupper,912.0,3072.0
191,686618349602762752,11,10,Olivia,2016,pupper,1544.0,4042.0
192,686007916130873345,11,10,None,2016,pupper,472.0,2704.0
193,685547936038666240,14,10,None,2016,pupper,17465.0,35052.0
194,685169283572338688,11,10,Gerbald,2016,pupper,1620.0,4489.0
195,684830982659280897,13,10,None,2016,pupper,24514.0,38551.0
196,684588130326986752,12,10,None,2016,pupper,1592.0,4489.0
197,684147889187209216,12,10,Sweets,2016,pupper,1703.0,3265.0
198,683828599284170753,12,10,None,2016,pupper,1195.0,3053.0
199,683481228088049664,11,10,Banjo,2016,pupper,1118.0,2878.0
200,682788441537560576,12,10,None,2016,pupper,1258.0,2706.0
201,681694085539872773,11,10,Bo,2015,pupper,4581.0,14010.0
202,681654059175129088,12,10,Toffee,2015,pupper,1045.0,2903.0
203,681231109724700672,11,10,None,2015,pupper,540.0,2629.0
204,680836378243002368,12,10,Ellie,2015,pupper,1513.0,3766.0
205,680191257256136705,11,10,None,2015,pupper,577.0,2356.0
206,680100725817409536,11,10,None,2015,pupper,1554.0,3891.0
207,679828447187857408,13,10,None,2015,pupper,15839.0,39726.0
208,679527802031484928,11,10,None,2015,pupper,823.0,2892.0
209,678800283649069056,12,10,None,2015,pupper,1018.0,2810.0
210,678389028614488064,11,10,Bella,2015,pupper,473.0,2044.0
211,678341075375947776,12,10,None,2015,pupper,612.0,1896.0
212,676819651066732545,12,10,None,2015,pupper,741.0,1957.0
213,676617503762681856,13,10,None,2015,pupper,1108.0,3149.0
214,676593408224403456,11,10,None,2015,pupper,2410.0,4954.0
215,676470639084101634,11,10,None,2015,pupper,5224.0,12616.0
216,675740360753160193,12,10,None,2015,pupper,388.0,1257.0
217,675334060156301312,12,10,None,2015,pupper,1436.0,3007.0
218,674774481756377088,11,10,Superpup,2015,pupper,532.0,1213.0
219,674638615994089473,12,10,None,2015,pupper,650.0,1806.0
220,674038233588723717,12,10,Kaiya,2015,pupper,456.0,1176.0
221,673919437611909120,11,10,Obie,2015,pupper,401.0,1251.0
222,673363615379013632,11,10,None,2015,pupper,338.0,1088.0
223,672898206762672129,11,10,Cheryl,2015,pupper,459.0,944.0
224,672622327801233409,12,10,None,2015,pupper,542.0,1377.0
225,672481316919734272,12,10,Jazz,2015,pupper,137.0,757.0
226,672254177670729728,11,10,Rolf,2015,pupper,800.0,1515.0
227,889665388333682689,13,10,None,2017,puppo,8538.0,38818.0
228,889531135344209921,13,10,Stuart,2017,puppo,2321.0,15359.0
229,878776093423087618,13,10,Snoopy,2017,puppo,4319.0,19763.0
230,874012996292530176,13,10,Sebastian,2017,puppo,11007.0,35501.0
231,867421006826221569,12,10,Shikha,2017,puppo,2697.0,16755.0
232,859607811541651456,13,10,None,2017,puppo,1704.0,19476.0
233,825535076884762624,14,10,None,2017,puppo,19669.0,56413.0
234,825120256414846976,12,10,Pablo,2017,puppo,1483.0,0.0
235,825026590719483904,12,10,Pablo,2017,puppo,1483.0,7020.0
236,822872901745569793,13,10,None,2017,puppo,48265.0,132810.0
237,820013781606658049,13,10,Oliver,2017,puppo,1369.0,0.0
238,819952236453363712,13,10,Oliver,2017,puppo,1369.0,5927.0
239,816829038950027264,12,10,Betty,2017,puppo,5496.0,0.0
240,805823200554876929,12,10,Reginald,2016,puppo,9374.0,0.0
241,803773340896923648,12,10,Diogi,2016,puppo,3220.0,11203.0
242,802239329049477120,12,10,Loki,2016,puppo,3040.0,10132.0
243,796563435802726400,13,10,None,2016,puppo,8536.0,0.0
244,793195938047070209,12,10,Lily,2016,puppo,6547.0,17063.0
245,790946055508652032,12,10,Betty,2016,puppo,5496.0,18601.0
246,787717603741622272,13,10,Tonks,2016,puppo,3240.0,11416.0
247,786051337297522688,13,10,None,2016,puppo,179.0,1614.0
248,784183165795655680,12,10,Reginald,2016,puppo,9374.0,22513.0
249,780931614150983680,13,10,None,2016,puppo,8536.0,24192.0
250,752519690950500352,11,10,None,2016,puppo,3917.0,8157.0
251,738537504001953792,11,10,Bayley,2016,puppo,1759.0,5575.0
